0 1 0
2 3 0
4 5 0
1 10 292
1 20 293
1 30 294
3 40 295
3 50 296
3 60 297
4 70 298
4 80 299
4 90 300
5 7 3600
4 1 3600
2 3 4000
7 8 5000
8 9 5500
7 13 6000
1 20 7000
6 11 25200
15 19 30000
20 12 33000
20 27 35000
27 43 40000
12 32 41000
43 30 45000
101 102 50000
103 104 60000
15 17 70000
17 16 72000
16 18 73600
0 9 80000
9 10 85000
3 4 90000
0 7 95000
9 8 100000
7 6 104000
10 1 108000
0 11 112000
8 1 116000
7 3 120000
3 2 124000
8 12 128000
6 5 132000
0 1 200000
0 2 201000
1 3 201500
2 3 202000
0 0 300000
0 1 301000
1 1 301500
0 1 400000
2 3 401000
1 2 402000